{
 "cells": [
  {
   "cell_type": "code",
   "execution_count": 6,
   "metadata": {},
   "outputs": [
    {
     "data": {
      "text/plain": [
       "2-element Array{Any,1}:\n",
       " [8, 7, 6, 5]\n",
       " [4, 3, 2, 1]"
      ]
     },
     "metadata": {},
     "output_type": "display_data"
    },
    {
     "data": {
      "text/plain": [
       "2-element Array{Any,1}:\n",
       " Any[[0.0010266940451745382, 0.9661190965092404, 0.011293634496919922, 0.021560574948665305], [0.031827515400410684, 0.7710472279260782, 0.0010266940451745382, 0.1960985626283368], [0.8121149897330597, 0.042094455852156064, 0.031827515400410684, 0.11396303901437374], [0.4117043121149897, 0.03182751540041068, 0.04209445585215605, 0.5143737166324435], [0.6786447638603698, 0.011293634496919922, 0.011293634496919922, 0.2987679671457906], [0.49383983572895274, 0.021560574948665298, 0.001026694045174538, 0.48357289527720737], [0.6683778234086243, 0.05236139630390144, 0.05236139630390144, 0.22689938398357296], [0.11396303901437373, 0.0215605749486653, 0.031827515400410684, 0.8326488706365504], [0.6683778234086243, 0.031827515400410684, 0.28850102669404526, 0.011293634496919922], [0.0010266940451745382, 0.031827515400410684, 0.904517453798768, 0.06262833675564682]]\n",
       " Any[[0.0005393743257820928, 0.0005393743257820928, 0.9983818770226538, 0.0005393743257820928], [0.0005393743257820928, 0.9983818770226538, 0.0005393743257820928, 0.0005393743257820928], [0.0005393743257820928, 0.9983818770226538, 0.0005393743257820928, 0.0005393743257820928], [0.11920172599784253, 0.38349514563106796, 0.2486515641855448, 0.2486515641855448], [0.10302049622437973, 0.307982740021575, 0.3295577130528587, 0.2594390507011866], [0.2971952535059331, 0.23786407766990292, 0.3619201725997842, 0.10302049622437973], [0.28640776699029125, 0.16235167206040993, 0.4913700107874865, 0.059870550161812294], [0.10302049622437973, 0.08683926645091694, 0.7394822006472491, 0.07065803667745416], [0.04908306364617045, 0.42125134843581447, 0.4266450916936354, 0.10302049622437974]]                                                                                      "
      ]
     },
     "metadata": {},
     "output_type": "display_data"
    },
    {
     "data": {
      "text/plain": [
       "2-element Array{Any,1}:\n",
       " Any[Any[[0.0010266940451745382, 0.9661190965092404, 0.011293634496919922, 0.021560574948665305, 0.0], [0.031827515400410684, 0.7710472279260782, 0.0010266940451745382, 0.1960985626283368, 0.0], [0.8121149897330597, 0.042094455852156064, 0.031827515400410684, 0.11396303901437374, 0.0], [0.4117043121149897, 0.03182751540041068, 0.04209445585215605, 0.5143737166324435, 0.0], [0.6786447638603698, 0.011293634496919922, 0.011293634496919922, 0.2987679671457906, 0.0], [0.49383983572895274, 0.021560574948665298, 0.001026694045174538, 0.48357289527720737, 0.0], [0.6683778234086243, 0.05236139630390144, 0.05236139630390144, 0.22689938398357296, 0.0], [0.11396303901437373, 0.0215605749486653, 0.031827515400410684, 0.8326488706365504, 0.0], [0.6683778234086243, 0.031827515400410684, 0.28850102669404526, 0.011293634496919922, 0.0], [0.0010266940451745382, 0.031827515400410684, 0.904517453798768, 0.06262833675564682, 0.0]], Any[[0.06262833675564682, 0.904517453798768, 0.031827515400410684, 0.0010266940451745382, 0.0], [0.011293634496919922, 0.28850102669404526, 0.031827515400410684, 0.6683778234086243, 0.0], [0.8326488706365504, 0.031827515400410684, 0.0215605749486653, 0.11396303901437373, 0.0], [0.22689938398357296, 0.05236139630390144, 0.05236139630390144, 0.6683778234086243, 0.0], [0.48357289527720737, 0.001026694045174538, 0.021560574948665298, 0.49383983572895274, 0.0], [0.2987679671457906, 0.011293634496919922, 0.011293634496919922, 0.6786447638603698, 0.0], [0.5143737166324435, 0.04209445585215605, 0.03182751540041068, 0.4117043121149897, 0.0], [0.11396303901437374, 0.031827515400410684, 0.042094455852156064, 0.8121149897330597, 0.0], [0.1960985626283368, 0.0010266940451745382, 0.7710472279260782, 0.031827515400410684, 0.0], [0.021560574948665305, 0.011293634496919922, 0.9661190965092404, 0.0010266940451745382, 0.0]]]\n",
       " Any[Any[[0.0005393743257820928, 0.0005393743257820928, 0.9983818770226538, 0.0005393743257820928, 0.0], [0.0005393743257820928, 0.9983818770226538, 0.0005393743257820928, 0.0005393743257820928, 0.0], [0.0005393743257820928, 0.9983818770226538, 0.0005393743257820928, 0.0005393743257820928, 0.0], [0.11920172599784253, 0.38349514563106796, 0.2486515641855448, 0.2486515641855448, 0.0], [0.10302049622437973, 0.307982740021575, 0.3295577130528587, 0.2594390507011866, 0.0], [0.2971952535059331, 0.23786407766990292, 0.3619201725997842, 0.10302049622437973, 0.0], [0.28640776699029125, 0.16235167206040993, 0.4913700107874865, 0.059870550161812294, 0.0], [0.10302049622437973, 0.08683926645091694, 0.7394822006472491, 0.07065803667745416, 0.0], [0.04908306364617045, 0.42125134843581447, 0.4266450916936354, 0.10302049622437974, 0.0]], Any[[0.10302049622437974, 0.4266450916936354, 0.42125134843581447, 0.04908306364617045, 0.0], [0.07065803667745416, 0.7394822006472491, 0.08683926645091694, 0.10302049622437973, 0.0], [0.059870550161812294, 0.4913700107874865, 0.16235167206040993, 0.28640776699029125, 0.0], [0.10302049622437973, 0.3619201725997842, 0.23786407766990292, 0.2971952535059331, 0.0], [0.2594390507011866, 0.3295577130528587, 0.307982740021575, 0.10302049622437973, 0.0], [0.2486515641855448, 0.2486515641855448, 0.38349514563106796, 0.11920172599784253, 0.0], [0.0005393743257820928, 0.0005393743257820928, 0.9983818770226538, 0.0005393743257820928, 0.0], [0.0005393743257820928, 0.0005393743257820928, 0.9983818770226538, 0.0005393743257820928, 0.0], [0.0005393743257820928, 0.9983818770226538, 0.0005393743257820928, 0.0005393743257820928, 0.0]]]                                                                                                                                                                                      "
      ]
     },
     "metadata": {},
     "output_type": "display_data"
    }
   ],
   "source": [
    "function Get_Single_Strand_Motifs(fileName)\n",
    "    ssPFMs = []\n",
    "    currentPFM = []\n",
    "    motifTitles = []\n",
    "    open(fileName) do file\n",
    "        title = \"\"\n",
    "        while !eof(file)\n",
    "            line = readline(file)\n",
    "            if(line[1:1] == \">\")\n",
    "                if(title == \"\")\n",
    "                    title = line\n",
    "                end\n",
    "                #record what has been read so far\n",
    "                if(length(currentPFM) > 0) \n",
    "                    push!(motifTitles, title)\n",
    "                    currentPFM = Normalize(currentPFM, 0.1)\n",
    "                    push!(ssPFMs, currentPFM)\n",
    "                    currentPFM = []\n",
    "                end\n",
    "                #update the current title after the old one is recorded\n",
    "                title = line \n",
    "            elseif(line[1:1] == \"#\")\n",
    "                #do nothing since this line is comment\n",
    "            else\n",
    "                frequencies = split(line, r\"\\s\")\n",
    "                if(length(frequencies) == 4) #each line should only have 4 numbers seperated by spaces \n",
    "                    row = []\n",
    "                    for frequency in frequencies\n",
    "                        d = parse(Int, frequency)\n",
    "                        push!(row, d)\n",
    "                    end\n",
    "                    push!(currentPFM, row)\n",
    "                else\n",
    "                    println(line)\n",
    "                    println(\"this line has $(length(counts)) elements\")\n",
    "                end\n",
    "                if(eof(file))\n",
    "                    currentPFM = Normalize(currentPFM, 0.1)\n",
    "                    push!(ssPFMs, currentPFM)\n",
    "                end\n",
    "            end                \n",
    "        end\n",
    "    end\n",
    "    return ssPFMs\n",
    "end\n",
    "\n",
    "function Normalize(matrix, psuedoCount)\n",
    "    nrow = length(matrix)\n",
    "    ncol = length(matrix[1])\n",
    "    row = ones(ncol) * psuedoCount\n",
    "    psuedoMatrix = []\n",
    "    for i in 1:nrow\n",
    "        push!(psuedoMatrix, row)\n",
    "    end\n",
    "    newMatrix = matrix + psuedoMatrix\n",
    "    return Normalize(newMatrix)\n",
    "end\n",
    "\n",
    "function Normalize(matrix)\n",
    "    normalizedMatrix = []\n",
    "    for row in matrix\n",
    "        row = row/sum(row)\n",
    "        push!(normalizedMatrix, row)\n",
    "    end\n",
    "    return normalizedMatrix\n",
    "end\n",
    "\n",
    "function Get_Reverse_Complement(motif)\n",
    "    reverseComplement = []\n",
    "    for row in motif\n",
    "        newRow = reverse(row)\n",
    "        push!(reverseComplement, newRow)\n",
    "    end\n",
    "    reverse!(reverseComplement)\n",
    "    return reverseComplement\n",
    "end\n",
    "\n",
    "\n",
    "function Get_Double_Strand_Motifs(singleStrandMotifs, realDoubleStrand)\n",
    "    doubleStrandMotifs = []\n",
    "    for motif in singleStrandMotifs\n",
    "        strands = []\n",
    "        temp_motif = deepcopy(motif)\n",
    "        # add a column of zeros\n",
    "        for row in motif\n",
    "            push!(row, 0)\n",
    "        end\n",
    "        push!(strands, motif)\n",
    "        if(realDoubleStrand)\n",
    "            reverseComplement = Get_Reverse_Complement(temp_motif)\n",
    "            for row in reverseComplement\n",
    "                push!(row, 0)\n",
    "            end\n",
    "            push!(strands, reverseComplement)\n",
    "        end\n",
    "\n",
    "        push!(doubleStrandMotifs, strands)\n",
    "        \n",
    "    end\n",
    "    return doubleStrandMotifs\n",
    "end\n",
    "\n",
    "\n",
    "#singleStrandMotifs = Get_Single_Strand_Motifs(\"test.txt\")\n",
    "#display(singleStrandMotifs)\n",
    "#doubleStrandMotifs = Get_Double_Strand_Motifs(singleStrandMotifs, true)\n",
    "#display(doubleStrandMotifs)"
   ]
  },
  {
   "cell_type": "code",
   "execution_count": null,
   "metadata": {},
   "outputs": [],
   "source": [
    "Get_Motifs(\"jaspar2009core.fa\")"
   ]
  }
 ],
 "metadata": {
  "kernelspec": {
   "display_name": "Julia 1.2.0",
   "language": "julia",
   "name": "julia-1.2"
  },
  "language_info": {
   "file_extension": ".jl",
   "mimetype": "application/julia",
   "name": "julia",
   "version": "1.2.0"
  }
 },
 "nbformat": 4,
 "nbformat_minor": 2
}
